5 1000 1 0 0.0479
5 500 0.933 0.0667 0.0163
5 400 1 0 0.0118
5 300 0.933 0.0667 0.00807
5 200 0.9 0.1 0.00476
5 100 0.9 0.1 0.00202
5 70 0.833 0.167 0.00134
5 50 0.833 0.167 0.000934
5 30 0.533 0.467 0.000525
5 20 0.367 0.633 0.000328
5 15 0 1 0.00022
5 10 0 1 5.92e-05
6 1000 1 0 0.0489
6 500 0.967 0.0333 0.0171
6 400 0.933 0.0667 0.0125
6 300 1 0 0.00837
6 200 0.9 0.1 0.00495
6 100 0.767 0.233 0.00219
6 70 0.833 0.167 0.00144
6 50 0.8 0.2 0.001
6 30 0.367 0.633 0.000547
6 20 0 1 0.000234
6 15 0 1 9.66e-05
6 10 0 1 8.77e-06
7 1000 0.967 0.0333 0.051
7 500 0.967 0.0333 0.0179
7 400 0.9 0.1 0.0129
7 300 0.733 0.267 0.00877
7 200 0.733 0.267 0.00521
7 100 0.633 0.367 0.00226
7 70 0.433 0.567 0.00149
7 50 0.1 0.9 0.000978
7 30 0 1 0.000334
7 20 0 1 0.000133
7 15 0 1 6.53e-05
7 10 0 1 9.2e-06
8 1000 0.867 0.133 0.0527
8 500 0.833 0.167 0.0191
8 400 0.8 0.2 0.014
8 300 0.733 0.267 0.00962
8 200 0.667 0.333 0.00576
8 100 0.267 0.733 0.00246
8 70 0 1 0.0015
8 50 0 1 0.00073
8 30 0 1 0.000245
8 20 0 1 8.05e-05
8 15 0 1 5.61e-05
8 10 0 1 9.27e-06
9 1000 0.867 0.133 0.0583
9 500 0.633 0.367 0.0217
9 400 0.733 0.267 0.016
9 300 0.467 0.533 0.011
9 200 0.2 0.8 0.00656
9 100 0 1 0.00217
9 70 0 1 0.000988
9 50 0 1 0.00051
9 30 0 1 0.000167
9 20 0 1 6.19e-05
9 15 0 1 1.14e-05
9 10 0 1 9.2e-06
10 1000 0.667 0.333 0.0673
10 500 0.333 0.667 0.0255
10 400 0.133 0.867 0.0188
10 300 0.0667 0.933 0.0131
10 200 0 1 0.00688
10 100 0 1 0.00167
10 70 0 1 0.00078
10 50 0 1 0.000396
10 30 0 1 0.000117
10 20 0 1 6.2e-05
10 15 0 1 1.13e-05
10 10 0 1 9.13e-06
11 1000 0.233 0.767 0.0816
11 500 0.1 0.9 0.0302
11 400 0 1 0.0218
11 300 0 1 0.0127
11 200 0 1 0.00534
11 100 0 1 0.0013
11 70 0 1 0.000614
11 50 0 1 0.000319
11 30 0 1 9.43e-05
11 20 0 1 1.35e-05
11 15 0 1 1.13e-05
11 10 0 1 8.97e-06
