5 1000 0.933 0.0667 0.118
5 500 0.9 0.1 0.034
5 400 0.8 0.2 0.0231
5 300 0.7 0.3 0.0144
5 200 0.633 0.367 0.0075
5 100 0.867 0.133 0.00275
5 70 0.533 0.467 0.0017
5 50 0.467 0.533 0.0011
5 30 0.467 0.533 0.000594
5 20 0.333 0.667 0.000358
5 15 0 1 0.000238
5 10 0 1 4.38e-05
6 1000 0.967 0.0333 0.169
6 500 0.8 0.2 0.0467
6 400 0.667 0.333 0.0316
6 300 0.6 0.4 0.0191
6 200 0.633 0.367 0.00961
6 100 0.6 0.4 0.00328
6 70 0.3 0.7 0.00195
6 50 0.367 0.633 0.00123
6 30 0.2 0.8 0.000612
6 20 0.0333 0.967 0.000307
6 15 0 1 7.76e-05
6 10 0 1 9.23e-06
7 1000 0.933 0.0667 0.253
7 500 0.633 0.367 0.0675
7 400 0.833 0.167 0.045
7 300 0.667 0.333 0.0265
7 200 0.533 0.467 0.0129
7 100 0.333 0.667 0.00404
7 70 0.3 0.7 0.00231
7 50 0.167 0.833 0.00137
7 30 0 1 0.000471
7 20 0 1 0.000103
7 15 0 1 4.81e-05
7 10 0 1 1.03e-05
8 1000 0.733 0.267 0.39
8 500 0.7 0.3 0.101
8 400 0.533 0.467 0.0664
8 300 0.4 0.6 0.0383
8 200 0.267 0.733 0.0178
8 100 0.1 0.9 0.00498
8 70 0 1 0.00248
8 50 0 1 0.00108
8 30 0 1 0.000188
8 20 0 1 6.01e-05
8 15 0 1 5.12e-05
8 10 0 1 9.87e-06
9 1000 0.767 0.233 0.614
9 500 0.467 0.533 0.152
9 400 0.333 0.667 0.0981
9 300 0.233 0.767 0.0553
9 200 0.167 0.833 0.0241
9 100 0 1 0.00481
9 70 0 1 0.00174
9 50 0 1 0.000582
9 30 0 1 0.000112
9 20 0 1 5.2e-05
9 15 0 1 1.2e-05
9 10 0 1 9.77e-06
10 1000 0.567 0.433 0.954
10 500 0.267 0.733 0.223
10 400 0.167 0.833 0.14
10 300 0.1 0.9 0.0758
10 200 0 1 0.0271
10 100 0 1 0.00327
10 70 0 1 0.000975
10 50 0 1 0.000279
10 30 0 1 8.61e-05
10 20 0 1 5.26e-05
10 15 0 1 1.2e-05
10 10 0 1 1.01e-05
