5 1000 1 0 0.109
5 500 1 0 0.0313
5 400 0.933 0.0667 0.0214
5 300 0.967 0.0333 0.0133
5 200 0.967 0.0333 0.00707
5 100 1 0 0.00263
5 70 0.7 0.3 0.00164
5 50 0.767 0.233 0.00109
5 30 0.667 0.333 0.000587
5 20 0.5 0.5 0.000358
5 15 0 1 0.000232
5 10 0 1 7.48e-05
6 1000 0.967 0.0333 0.143
6 500 0.9 0.1 0.0404
6 400 0.967 0.0333 0.0272
6 300 0.9 0.1 0.0167
6 200 0.867 0.133 0.00859
6 100 0.6 0.4 0.00302
6 70 0.833 0.167 0.00184
6 50 0.567 0.433 0.00121
6 30 0.333 0.667 0.000619
6 20 0 1 0.000249
6 15 0 1 9.39e-05
6 10 0 1 8.8e-06
7 1000 0.967 0.0333 0.197
7 500 0.8 0.2 0.0538
7 400 0.9 0.1 0.0359
7 300 0.9 0.1 0.0216
7 200 0.767 0.233 0.0108
7 100 0.633 0.367 0.0036
7 70 0.233 0.767 0.00212
7 50 0.167 0.833 0.00131
7 30 0 1 0.000411
7 20 0 1 0.000137
7 15 0 1 7.17e-05
7 10 0 1 9.17e-06
8 1000 0.9 0.1 0.282
8 500 0.833 0.167 0.0749
8 400 0.8 0.2 0.0492
8 300 0.633 0.367 0.0291
8 200 0.633 0.367 0.0142
8 100 0.233 0.767 0.0043
8 70 0 1 0.00221
8 50 0 1 0.000949
8 30 0 1 0.000254
8 20 0 1 9.39e-05
8 15 0 1 5.33e-05
8 10 0 1 9.07e-06
9 1000 0.867 0.133 0.417
9 500 0.733 0.267 0.108
9 400 0.4 0.6 0.0702
9 300 0.533 0.467 0.0406
9 200 0.3 0.7 0.0186
9 100 0 1 0.00388
9 70 0 1 0.00148
9 50 0 1 0.000613
9 30 0 1 0.000192
9 20 0 1 6.68e-05
9 15 0 1 1.14e-05
9 10 0 1 9.1e-06
10 1000 0.7 0.3 0.629
10 500 0.533 0.467 0.155
10 400 0.133 0.867 0.0986
10 300 0.2 0.8 0.0536
10 200 0 1 0.0199
10 100 0 1 0.00244
10 70 0 1 0.000937
10 50 0 1 0.000478
10 30 0 1 0.000141
10 20 0 1 5.9e-05
10 15 0 1 1.15e-05
10 10 0 1 9.17e-06
11 1000 0.367 0.633 0.938
11 500 0 1 0.209
11 400 0 1 0.121
11 300 0 1 0.0499
11 200 0 1 0.0127
11 100 0 1 0.00194
11 70 0 1 0.000749
11 50 0 1 0.000356
11 30 0 1 0.000103
11 20 0 1 1.34e-05
11 15 0 1 1.13e-05
11 10 0 1 9.13e-06
12 1000 0 1 1.33
12 500 0 1 0.189
12 400 0 1 0.0908
12 300 0 1 0.0345
12 200 0 1 0.00919
12 100 0 1 0.00135
12 70 0 1 0.000559
12 50 0 1 0.000274
12 30 0 1 8.63e-05
12 20 0 1 1.42e-05
12 15 0 1 1.15e-05
12 10 0 1 9.2e-06
13 1000 0 1 1.45
13 500 0 1 0.136
13 400 0 1 0.0639
13 300 0 1 0.0232
13 200 0 1 0.00691
13 100 0 1 0.00105
13 70 0 1 0.000507
13 50 0 1 0.000234
13 30 0 1 7.88e-05
13 20 0 1 1.4e-05
13 15 0 1 1.15e-05
13 10 0 1 9.27e-06
14 1000 0 1 1.01
14 500 0 1 0.0951
14 400 0 1 0.046
14 300 0 1 0.0187
14 200 0 1 0.00571
14 100 0 1 0.000919
14 70 0 1 0.000411
14 50 0 1 0.000214
14 30 0 1 7.39e-05
14 20 0 1 1.38e-05
14 15 0 1 1.14e-05
14 10 0 1 9.3e-06
