5 1000 1 0 0.0368 inf
5 500 1 0 0.0104 inf
5 400 1 0 0.00699 inf
5 300 1 0 0.00411 inf
5 200 1 0 0.00212 inf
5 100 1 0 0.00077 inf
5 70 1 0 0.00043 inf
5 50 1 0 0.00034 inf
5 30 1 0 0.0002 inf
5 20 1 0 0.00015 inf
5 15 0.9 0.1 0.00027 81.8
5 10 0 1 0.00055 8.02
6 1000 1 0 0.031 inf
6 500 1 0 0.00895 inf
6 400 1 0 0.00601 inf
6 300 1 0 0.00392 inf
6 200 1 0 0.00199 inf
6 100 1 0 0.00066 inf
6 70 1 0 0.00038 inf
6 50 1 0 0.00029 inf
6 30 1 0 0.00016 inf
6 20 0.91 0.09 0.00027 141
6 15 0.15 0.85 0.00089 12.6
6 10 0 1 0.00045 10
7 1000 1 0 0.0277 inf
7 500 1 0 0.00806 inf
7 400 1 0 0.00595 inf
7 300 1 0 0.00336 inf
7 200 1 0 0.00188 inf
7 100 1 0 0.00064 inf
7 70 1 0 0.0004 inf
7 50 1 0 0.00033 inf
7 30 1 0 0.0002 inf
7 20 0.08 0.92 0.00107 16.3
7 15 0 1 0.00102 13
7 10 0 1 0.00053 10
8 1000 1 0 0.037 inf
8 500 1 0 0.00771 inf
8 400 1 0 0.00484 inf
8 300 1 0 0.00325 inf
8 200 1 0 0.00166 inf
8 100 1 0 0.00062 inf
8 70 1 0 0.00036 inf
8 50 1 0 0.0003 inf
8 30 0.49 0.51 0.00108 43.5
8 20 0 1 0.00117 16.6
8 15 0 1 0.00093 15
8 10 0 1 0.00048 10
9 1000 1 0 0.023 inf
9 500 1 0 0.00661 inf
9 400 1 0 0.00448 inf
9 300 1 0 0.00276 inf
9 200 1 0 0.00152 inf
9 100 1 0 0.00063 inf
9 70 1 0 0.00033 inf
9 50 1 0 0.00041 inf
9 30 0.53 0.47 0.00111 50.2
9 20 0 1 0.00115 18
9 15 0 1 0.00092 15
9 10 0 1 0.00046 10
10 1000 1 0 0.0208 inf
10 500 1 0 0.00613 inf
10 400 1 0 0.00438 inf
10 300 1 0 0.00272 inf
10 200 1 0 0.00147 inf
10 100 1 0 0.00052 inf
10 70 1 0 0.00035 inf
10 50 0.89 0.11 0.00084 352
10 30 0.06 0.94 0.00178 26.8
10 20 0 1 0.00132 18
10 15 0 1 0.00091 15
10 10 0 1 0.00047 10
11 1000 1 0 0.019 inf
11 500 1 0 0.00573 inf
11 400 1 0 0.00408 inf
11 300 1 0 0.00393 inf
11 200 1 0 0.00202 inf
11 100 1 0 0.00069 inf
11 70 1 0 0.00067 inf
11 50 0.94 0.06 0.00083 676
11 30 0.12 0.88 0.00253 29.3
11 20 0 1 0.00114 20
11 15 0 1 0.00085 15
11 10 0 1 0.0005 10
12 1000 1 0 0.0178 inf
12 500 1 0 0.00511 inf
12 400 1 0 0.00369 inf
12 300 1 0 0.00223 inf
12 200 1 0 0.00134 inf
12 100 1 0 0.00052 inf
12 70 0.97 0.03 0.00075 1.88e+03
12 50 0.65 0.35 0.00181 118
12 30 0 1 0.00186 26.8
12 20 0 1 0.00105 20
12 15 0 1 0.00075 15
12 10 0 1 0.00047 10
13 1000 1 0 0.0164 inf
13 500 1 0 0.00583 inf
13 400 1 0 0.00354 inf
13 300 1 0 0.00203 inf
13 200 1 0 0.00132 inf
13 100 0.97 0.03 0.00095 2.76e+03
13 70 0.97 0.03 0.00068 1.95e+03
13 50 0.31 0.69 0.00359 61.3
13 30 0 1 0.00201 28
13 20 0 1 0.00111 20
13 15 0 1 0.00075 15
13 10 0 1 0.0005 10
14 1000 1 0 0.0153 inf
14 500 1 0 0.00445 inf
14 400 1 0 0.00303 inf
14 300 1 0 0.00192 inf
14 200 1 0 0.0011 inf
14 100 0.98 0.02 0.00069 4.24e+03
14 70 0.81 0.19 0.0017 311
14 50 0.5 0.5 0.00234 86.8
14 30 0 1 0.00185 28
14 20 0 1 0.00106 20
14 15 0 1 0.00075 15
14 10 0 1 0.00049 10
